1227
1234
1262
1266
1290
1313
1353
1400
1414
1451
1456
1494
1513
1599
1600
1601
1616
1657
1671
1681
1727
1762
1772
1802
1805
1861
1872
1900
1911
1913
1927
1945
1986
2005
2013
2024
2029
2063
2065
2074
2090
2095
2104
2117
2132
2158
2181
2185
2203
2225
2229
2251
2263
2321
2322
2336
2349
2370
2393
2425
2449
2451
2465
2466
2474
2475
2479
2494
2495
2505
2524
2526
2539
2550
2618
2661
2680
2685
2725
2735
2746
2770
2776
2781
2807
2834
2853
2899
2935
2937
2955
2957
2983
2996
3022
3039
3057
3116
3133
3155
3178
